1009164_0 1009164 0 LR Farm_2 16569 2015_05 Farm_2_2015_05 Farm_2_2015_20 3.265 1.204 4.469 6.092 10.561 2.163 -4.1055 PRRS 9 0 4 5 9 0 1.609 1.792 2.303 0.444 0.556 1
1002922_1 1002922 1 LR Farm_2 16569 2015_05 Farm_2_2015_05 Farm_2_2015_20 3.265 1.204 4.469 6.092 10.561 2.163 -4.1055 PRRS 13 1 2 10 12 0 1.099 2.398 2.565 0.154 0.769 0.923
1008319_0 1008319 0 LR Farm_2 16569 2015_05 Farm_2_2015_05 Farm_2_2015_20 3.265 1.204 4.469 6.092 10.561 2.163 -4.1055 PRRS 14 12 1 1 2 6 0.693 0.693 1.099 0.071 0.071 0.143
1009401_0 1009401 0 LR Farm_2 16569 2015_05 Farm_2_2015_05 Farm_2_2015_20 3.265 1.204 4.469 6.092 10.561 2.163 -4.1055 PRRS 10 9 1 0 1 3 0.693 0 0.693 0.1 0 0.1
1009104_0 1009104 0 LR Farm_2 16569 2015_05 Farm_2_2015_05 Farm_2_2015_20 3.265 1.204 4.469 6.092 10.561 2.163 -4.1055 PRRS 16 11 2 3 5 2 1.099 1.386 1.792 0.125 0.188 0.312
1009076_0 1009076 0 LR Farm_2 16569 2015_05 Farm_2_2015_05 Farm_2_2015_20 3.265 1.204 4.469 6.092 10.561 2.163 -4.1055 PRRS 9 6 3 0 3 3 1.386 0 1.386 0.333 0 0.333
1008185_0 1008185 0 LR Farm_2 16569 2015_05 Farm_2_2015_05 Farm_2_2015_20 3.265 1.204 4.469 6.092 10.561 2.163 -4.1055 PRRS 9 8 1 0 1 1 0.693 0 0.693 0.111 0 0.111
10164_4 10164 4 LR Farm_2 16570 2015_05 Farm_2_2015_05 Farm_2_2015_20 3.333 1.219 4.552 5.958 10.51 2.208 -4.1055 PRRS 10 0 3 7 10 0 1.386 2.079 2.398 0.3 0.7 1
10137_4 10137 4 LR Farm_2 16570 2015_05 Farm_2_2015_05 Farm_2_2015_20 3.333 1.219 4.552 5.958 10.51 2.208 -4.1055 PRRS 4 2 0 2 2 1 0 1.099 1.099 0 0.5 0.5
1009305_0 1009305 0 LR Farm_2 16570 2015_05 Farm_2_2015_05 Farm_2_2015_20 3.333 1.219 4.552 5.958 10.51 2.208 -4.1055 PRRS 10 9 0 1 1 5 0 0.693 0.693 0 0.1 0.1
